[11111. 11, 35 555. 315

loqui 11511515. 11151151 5115111 1115 quud 55115111 5551151115 5511151115 55115111 115-
1111551, hauddubie 511 551-55111 55155555 115 qun 51115 loquebatur. 1115115 51115111
1115111515 1551151 1115 115155 555111151155 51 5155 quam cap. Β 55 Antiocho 1111·
11111155 5111111115115 11. Ε155115 ,55155111555555 3111151. 11511 5555 angelum 115
5511155111 1111115115 115 1151155115 1115115 115 551151151515 55511155 1515555515 1155-
55115115 5115555155 111551 115551 111151111ςηὶ 1155511 511551 ab 51155115511115 111-
555551555511511115511115 maj-pheta.

qun 115 haec: 11555 551 5551555555, 111 per 55 55 11155515 511 *reg-1³11] 1115111
9555555155551 51155151. Eodem 5111111 555115515 1115, 111 11111111, 155551, 51111115
5511555551, 115115 551-1111555111 51111151551151115;1551115 111 v. 35 ηῇῑᾳζι fi ,3551111115

515115511115 15111551 5551115555] 115 55115111 5551155551. 11511115 55 111-5155511151·
(1555 1111 55ῌί 1155 5511555551. ὓ11551111111 qumi 11151155 : 5151511115]- 51 111551111-
[iambitur 5111555115 5111115111 11511111 [quod neque 5511551155 1151155 1111151155
11511115 1155515515 15511, 111 Passum-notam„ 55111 15111511 551-15511115 5111111111
11555515 111-5155115511 1ζὲ 1115511. 113), 15511115 115 55555511, 1151115 1111155 115 55
551-11155511 z 111 1111511115 1511155 magnis 55555115555 551155 1555 15111155 5551 ani*
111115, 111 1151115111 1151115 51 1151155111 5111111 1,]-11,1).1]; 111 quod D. Κ5115111151111111.
At 55 1115115115 5111111115 declaratur 551-555115 51 5115551155 qun 51111115 1555
51155551 11511115 1151111515 15515 Ἰ15555155, 5511 15115155 paria 1155 55111151, {mmm
51511111 ὑπερηφὲνως, 511 55111115 Ξ 1115511. 9,.111. 111511115- Ε5 551551 5111111111 55511-
11551 5115555111 1115155551 11511 55515111, 51511111 111 v. 33 declaratur. [15111
51151151 5111551555, 15511115 1553511155 555515 555115 5555 11511 15111 1511515515,
quam superbiae 555155 1115551115515, quihus reg-³5 5555 glum-ianm. 5555111551ἱ
51 55555511115115111 plebia 51111 (1511515111 5511115115 51511551. Τ5115 5515111 5111111115
5 1515 115 1151551 11555 1155551111, 51 111551 11511111, 1151511111 511 ipss] 11511 5511111551.
Nem 11. 55115 1151551 115511, 111 5511155111 1551555111 1155111 11151555 1511551151 51
551555 111551 Quem. Rosam, 511115 111 quod 511 ἓ. Τ11555. *M 5115511111, 15111 11511
115151. 115111 511 555155 1151155115 551 1115111515 1511115 1551 similitudo 55111 115111]Ψ
15. ΞΒ-ΞΞ; ergo 115 1155 5511551555 in 51555115 15511 fit 1511515555.

Ex 511555 [1551555151115 115511111- 551 5511551155] 5555 typum 551151151511. 111
15111 efficit-111- 511 5151111111111115 1115 51155 intercedit 111151· 5555515115115111 5151115-
555 111 55111 Τ 51 Ες cf. ’1,11, Ξ1,25 51 EAG—12, 2335. 111511 1155 typica 55-
115115 11511 55551155 5115155 15511 1155 51111115 1155 55 51 11155515 115 rege perse*
5111555 dici nuque colligi 1151551 5115 115 15515, 115 antichristo 5115 5115511551.
’[’515111 1115115111 1555511111 5551511551 51 1111551 511 555 511 5115511111 5551551515
51- 511 primam 55115111115111 1111111111 551155555115111 5555, 5111111115 111115,- 111115
11555, 115 55 55 dixi 111 Commentario 15. Ι p. 451. Ν51155 11155115 1111115111 ΗΑ
115555 111115 55155111 115555 111 5111555115111111115 11511 5555 5515111 115 1151155115,
5511 55111111 115 5111151151515, videbimus 51511111 51115,1;1111 5111111 1155155551

ι1115111111 551 115 55111115 511511 1515555 551 1111511551 15 551511111515 1551115515
5111155111 (51. 1[1,’1“11], 1551151155 15111551551111 5115111 55511155 11111115 5151555111
15111515115115111.

